,i,q,n
0,2066,2500,23525.0
1,2067,700,10339.0
2,2073,5100,13719.0
3,2076,1300,15418.0
4,2084,2500,26275.0
5,2088,2000,9800.0
6,2094,1100,10076.0
7,2099,1400,14868.0
8,2107,3000,15060.0
9,2117,21400,63772.0
10,2118,23800,107576.0
11,2121,2500,26700.0
12,2126,6000,51660.0
13,2128,1700,11832.0
14,2131,6500,38610.0
15,2133,1000,9820.0
16,2140,1700,9911.0
17,2144,2300,14766.0
18,2150,13700,75487.0
19,2152,3200,19392.0
20,2153,9000,84780.0
21,2165,1000,10080.0
22,2167,8300,30710.0
23,2168,2000,10080.0
24,2169,2700,10071.0
25,2175,100,305.0
26,2179,3600,10908.0
27,2185,1900,9348.0
28,2195,17100,100206.0
29,2198,3300,9702.0
30,2223,1800,14778.0
31,2228,3700,41514.0
32,2243,1600,9744.0
33,2247,3300,19140.0
34,2248,4000,57800.0
35,2257,2400,9840.0
36,2272,8200,33948.0
37,2275,2700,9882.0
38,2285,800,8944.0
39,4770,100,599.0
40,2288,1300,9971.0
41,2291,10100,29997.0
42,2299,4800,32400.0
43,2301,1100,10098.0
44,2310,100,580.0
45,2316,2200,22638.0
46,2321,1700,10132.0
47,2326,900,9756.0
48,2334,1300,9009.0
49,2338,1700,15130.0
50,2348,5800,26042.0
51,2359,400,3692.0
52,2360,5700,29583.0
53,2363,700,18781.0
54,2364,9400,57904.0
55,2377,1500,9990.0
56,2380,900,9549.0
57,2381,100,294.0
58,2389,700,10605.0
59,2392,1600,10160.0
60,2409,2000,14140.0
61,2412,2100,10227.0
62,2417,4000,18680.0
63,2421,1600,10016.0
64,2423,1500,13860.0
65,2432,8400,35700.0
66,2439,4100,15457.0
67,2445,7700,22869.0
68,2448,2000,15020.0
69,2454,1300,9568.0
70,2455,3200,29120.0
71,2457,1600,14672.0
72,2473,1700,5253.0
73,2476,5000,37050.0
74,2483,500,625.0
75,2484,4100,43173.0
76,2488,1500,6750.0
77,2494,2100,9954.0
78,2498,21100,154874.0
79,2499,58100,149898.0
80,2504,2000,11340.0
81,2511,300,5340.0
82,2518,600,9288.0
83,2523,600,13992.0
84,2526,1400,63308.0
85,2527,800,13936.0
86,2528,100,1684.0
87,4825,700,10500.0
88,4985,300,11280.0
89,4693,300,8619.0
90,4799,300,9663.0
91,4812,700,14007.0
92,2532,3400,75854.0
93,4848,3200,75392.0
94,4936,1200,20496.0
95,4989,2000,39760.0
96,4774,600,13398.0
97,5127,9400,282282.0
98,4773,2000,89660.0
99,4925,1000,14340.0
100,2539,100,804.0
101,2540,300,9645.0
102,5090,1800,38376.0
103,5189,4300,210227.0
104,4804,4300,29240.0
105,4842,600,9870.0
106,4748,1800,47160.0
107,5003,2600,61984.0
108,4805,4000,132200.0
109,5004,1800,25830.0
110,2562,7300,43289.0
111,2571,1100,9977.0
112,2574,9900,55935.0
113,2576,2900,9947.0
114,2577,200,10390.0
115,2581,3800,31160.0
116,2585,3600,24480.0
117,2589,12400,60884.0
118,2603,800,9880.0
119,2611,1800,18684.0
120,2615,1700,9826.0
121,2626,3000,14430.0
122,2631,700,10129.0
123,2641,1500,9900.0
124,2649,2500,23050.0
125,2650,800,4560.0
126,2652,2100,9282.0
127,2655,8100,79056.0
128,2675,3200,9824.0
129,2679,900,9738.0
130,2684,5200,15184.0
131,2686,3000,33390.0
132,2703,11200,55328.0
133,2710,2500,11225.0
134,2715,7700,59598.0
135,2717,100,251.0
136,2725,2600,10790.0
137,2730,4600,28060.0
138,2733,2000,10120.0
139,2738,3300,21021.0
140,2740,11300,77066.0
141,2741,4900,40229.0
142,2749,5100,33303.0
143,2751,1400,13790.0
144,2755,800,9912.0
145,2757,7000,51100.0
146,2768,1500,17760.0
147,2769,2900,9512.0
148,2772,200,1162.0
149,2774,2800,19572.0
150,2775,1500,17280.0
151,2776,11900,75446.0
152,2782,2400,43344.0
153,2793,25200,173880.0
154,2794,4900,71540.0
155,2809,3300,49071.0
156,2814,2600,35256.0
157,2817,3600,19980.0
158,2821,7000,49000.0
159,2825,1900,14573.0
160,2827,100,376.0
161,2834,2000,14700.0
162,2844,5300,10070.0
163,2845,30600,127296.0
164,2852,13400,119260.0
165,2869,6700,34505.0
166,2870,3200,24800.0
167,2875,800,9944.0
168,2876,900,4500.0
169,2878,1500,9990.0
170,2882,900,5310.0
171,2884,1400,10024.0
172,2887,2700,10044.0
173,2889,3200,19936.0
174,2893,500,2655.0
175,2894,19500,92040.0
176,2897,2300,9775.0
177,2899,2700,9882.0
178,2900,500,10625.0
179,2901,5500,39435.0
180,2902,1400,9716.0
181,2903,1000,9020.0
182,2907,10600,51728.0
183,2914,1500,9975.0
184,2915,4000,9600.0
185,2918,900,13752.0
186,2919,6600,52536.0
187,2926,22100,113815.0
188,2929,5800,34278.0
189,2930,3100,11129.0
190,2932,10200,82824.0
191,2933,13700,236873.0
192,2935,6600,22374.0
193,2937,4900,47726.0
194,2942,4900,29253.0
195,2944,3400,19584.0
196,2950,8900,55447.0
197,2954,1100,9966.0
198,2957,6200,31930.0
199,2958,1800,10008.0
200,2961,1600,10240.0
201,2964,27000,56430.0
202,2965,13800,63204.0
203,2975,12900,29541.0
204,2976,900,9837.0
205,2979,1200,10380.0
206,2980,7100,39192.0
207,2981,3600,22860.0
208,2987,2300,17894.0
209,2994,5100,40290.0
210,2996,6800,141780.0
211,2999,4700,62698.0
212,3006,1600,9632.0
213,3022,3400,10336.0
214,3028,5600,32984.0
215,3029,1500,14175.0
216,3031,1600,4624.0
217,3042,22900,59082.0
218,3045,5700,23712.0
219,3051,6400,28608.0
220,3054,1300,6929.0
221,3057,2200,9856.0
222,3059,5200,30316.0
223,3081,7500,30450.0
224,3093,8100,75249.0
225,3099,3000,9930.0
226,3100,1200,9480.0
227,3108,3200,19552.0
228,3109,1700,11339.0
229,3110,3700,55722.0
230,3111,700,11375.0
231,3114,3700,29748.0
232,3124,900,10494.0
233,3135,600,9486.0
234,3140,14400,56736.0
235,3153,8100,38394.0
236,3155,1900,5985.0
237,3165,2600,19422.0
238,3171,8100,19035.0
239,3185,20600,63448.0
240,3192,2200,9394.0
241,3193,4000,37120.0
242,3194,2100,19215.0
243,3199,1600,7504.0
244,3207,5400,61884.0
245,3209,2200,9768.0
246,3211,5200,27820.0
247,3212,2900,34249.0
248,3214,26500,150255.0
249,3218,3100,19003.0
250,3223,8400,58212.0
251,3224,5400,23922.0
252,3225,7900,52535.0
253,3228,1600,9952.0
254,3234,26100,141462.0
255,3235,2300,27462.0
256,3241,7800,39390.0
257,3244,3400,49844.0
258,3247,200,3264.0
259,3248,27100,273439.0
260,3257,3600,68364.0
261,3271,5100,28050.0
262,3275,2300,22149.0
263,3279,300,1503.0
264,3283,3700,52355.0
265,3288,1700,14586.0
266,3296,2000,43140.0
267,3303,2000,27780.0
268,3304,300,8652.0
269,3305,800,10624.0
270,3308,2500,23725.0
271,3310,41200,564852.0
272,3311,3000,24270.0
273,3319,7900,80580.0
274,3321,1500,9615.0
275,3324,500,10430.0
276,3325,700,8043.0
277,3331,2400,24744.0
278,3332,500,9200.0
279,3338,1200,9708.0
280,3341,1000,10690.0
281,3346,3700,28823.0
282,3348,1700,26962.0
283,3355,600,9420.0
284,3356,3000,24840.0
285,3363,3400,77554.0
286,3368,200,3260.0
287,3369,100,7588.0
288,3371,1000,10320.0
289,3372,3200,38624.0
290,3373,1900,57988.0
291,3374,5400,64800.0
292,3379,2100,25662.0
293,3380,600,9156.0
294,3381,1800,9774.0
295,3382,2000,68900.0
296,3383,400,30068.0
297,3387,1400,25746.0
298,3397,1800,54882.0
299,3398,800,19128.0
300,3400,1500,17295.0
301,3401,300,5202.0
302,3403,400,6860.0
303,3405,900,18153.0
304,3406,4500,102465.0
305,3407,2700,36504.0
306,3410,1300,13000.0
307,3413,300,11280.0
308,3416,2000,24480.0
309,3420,900,9783.0
310,3421,400,10396.0
311,3433,400,9800.0
312,3437,3100,33480.0
313,3451,2500,18425.0
314,3452,200,3736.0
315,3454,2000,32240.0
316,3465,700,19474.0
317,3466,3200,44320.0
318,3472,6900,109641.0
319,3477,2500,29900.0
320,3482,3500,38220.0
321,3489,300,9204.0
322,3490,500,9905.0
323,3502,200,3900.0
324,3503,1000,9690.0
325,3508,600,10278.0
326,3510,4100,44649.0
327,3515,400,10344.0
328,3518,1000,19850.0
329,3522,600,4830.0
330,3523,600,12870.0
331,3525,1300,25259.0
332,3529,2400,45672.0
333,3530,4300,57190.0
334,3531,500,15800.0
335,3533,1300,49790.0
336,3537,1000,13470.0
337,3538,1400,43680.0
338,3541,1000,10200.0
339,3552,1700,9673.0
340,3553,4500,26370.0
341,3565,24500,195755.0
342,3567,1600,24224.0
343,3568,10600,71444.0
344,3580,300,36933.0
345,3584,1000,43740.0
346,3589,1200,37440.0
347,3591,5700,29526.0
348,3593,2800,39032.0
349,3602,1800,10206.0
350,3604,1800,9846.0
351,3615,900,13788.0
352,3628,1500,9510.0
353,3632,2800,14952.0
354,3637,900,10377.0
355,3643,24800,89528.0
356,3646,2500,44225.0
357,3647,1500,10020.0
358,3648,800,4672.0
359,3650,1000,8510.0
360,3651,100,477.0
361,3655,3400,9758.0
362,3661,3600,9648.0
363,3669,3400,40562.0
364,3672,21800,83930.0
365,3674,8700,159906.0
366,3676,4000,19200.0
367,3682,3200,36352.0
368,3683,7900,70784.0
369,3690,100,1599.0
370,3691,2100,9807.0
371,3695,2400,36720.0
372,3696,10500,29190.0
373,3698,1400,9338.0
374,3703,1800,9936.0
375,3705,1500,10230.0
376,3706,5800,20474.0
377,3707,4600,19642.0
378,3708,1700,8670.0
379,3727,14200,71000.0
380,3734,1100,9900.0
381,3737,1700,9911.0
382,3742,8800,60368.0
383,3746,1100,9933.0
384,3752,29000,247950.0
385,3753,2100,18900.0
386,3755,2600,16458.0
387,3757,2000,9600.0
388,3758,1900,9481.0
389,3759,5600,68824.0
390,3768,1500,10110.0
391,3772,3700,33300.0
392,3776,1500,15555.0
393,3777,800,24624.0
394,3779,7000,84490.0
395,3780,1800,10170.0
396,3782,1900,9044.0
397,3783,1800,6606.0
398,3787,1100,10230.0
399,3788,2700,9612.0
400,3790,700,5229.0
401,3793,10200,80376.0
402,3796,1500,15735.0
403,3798,1300,18655.0
404,3803,9600,26688.0
405,3806,7200,55584.0
406,3810,10400,55432.0
407,3813,1700,9911.0
408,3816,1700,17119.0
409,3829,400,5524.0
410,3830,4500,25380.0
411,3831,5000,26700.0
412,3841,1300,4524.0
413,3847,2900,30682.0
414,3860,600,4980.0
415,3861,1400,9786.0
416,3862,500,9060.0
417,3864,2900,17371.0
418,3870,1500,10515.0
419,3879,2500,9850.0
420,3883,300,3699.0
421,3885,3900,19227.0
422,3891,6700,35979.0
423,3895,800,34288.0
424,3902,700,15218.0
425,3910,900,10089.0
426,3918,1300,24375.0
427,3919,4400,28424.0
428,3922,700,9681.0
429,3924,1000,9380.0
430,3925,6100,44164.0
431,3929,5300,36994.0
432,3932,700,64120.0
433,3934,1400,37016.0
434,3937,3200,38496.0
435,3942,1200,9864.0
436,3945,1100,9482.0
437,3949,2900,19633.0
438,3955,4800,53136.0
439,3957,14100,74589.0
440,3958,3500,9695.0
441,3959,3300,35244.0
442,3964,7200,73584.0
443,3968,7900,97881.0
444,3976,3100,33077.0
445,3982,600,10770.0
446,3987,2100,49266.0
447,3991,200,12638.0
448,3993,2700,53649.0
449,3999,1500,15930.0
450,4002,4000,35200.0
451,4005,6200,57660.0
452,4009,3500,28105.0
453,4015,800,9880.0
454,4020,1000,10300.0
455,4022,1500,14085.0
456,4036,8600,106296.0
457,4042,3400,48484.0
458,4043,100,426.0
459,4045,200,4898.0
460,4046,1500,9840.0
461,4049,600,4500.0
462,4050,1000,9780.0
463,4052,1000,10340.0
464,4055,900,13347.0
465,4058,3600,44748.0
466,4059,14500,172840.0
467,4073,1500,25365.0
468,4077,4700,63450.0
469,4078,800,9064.0
470,4089,2900,66004.0
471,4092,200,6090.0
472,4094,9800,128184.0
473,4096,1000,10580.0
474,4098,700,9758.0
475,4099,1600,19760.0
476,4106,2600,75374.0
477,4111,800,11280.0
478,4117,2900,49793.0
479,4120,100,707.0
480,4122,900,9864.0
481,4125,15300,85986.0
482,4133,1300,9984.0
483,4144,1100,12067.0
484,4149,1000,14160.0
485,4155,2000,20700.0
486,4156,500,10205.0
487,4158,100,9029.0
488,4163,4100,74497.0
489,4171,1500,13050.0
490,4175,2700,14256.0
491,4181,200,4634.0
492,4182,300,4521.0
493,4183,3400,39474.0
494,4184,1100,19932.0
495,4191,2900,19372.0
496,4192,800,15128.0
497,4202,2300,32890.0
498,4214,1200,20232.0
499,4219,1100,9867.0
500,4226,1800,54576.0
501,4227,8800,99000.0
502,4230,1400,15568.0
503,4234,1500,14670.0
504,4239,600,9492.0
505,4242,900,18936.0
506,4243,3600,43632.0
507,4245,3000,48690.0
508,4248,2700,41796.0
509,4249,600,9696.0
510,4251,2400,29784.0
511,4261,500,8870.0
512,4263,5900,61596.0
513,4268,4800,63984.0
514,4274,300,2805.0
515,4280,900,13680.0
516,4291,4600,160172.0
517,4304,1100,13343.0
518,4307,200,7634.0
519,4311,2100,33621.0
520,4312,900,13212.0
521,4313,200,5108.0
522,4314,1000,20160.0
523,4316,300,9873.0
524,4320,2900,45240.0
525,4324,1600,19392.0
526,4325,300,4572.0
527,4326,600,9624.0
528,4330,1300,35724.0
529,4335,1700,54196.0
530,4338,700,9863.0
531,4341,700,20412.0
532,4345,800,10112.0
533,4346,1400,27412.0
534,4347,600,5196.0
535,4349,4500,69345.0
536,4351,1100,14729.0
537,4359,2200,54450.0
538,4362,1000,9620.0
539,4387,500,9955.0
540,4391,1500,28740.0
541,4398,400,9116.0
542,4399,2400,39528.0
543,4400,600,13716.0
544,4401,600,9276.0
545,4402,900,15174.0
546,4408,400,9152.0
547,4414,400,9044.0
548,4420,1800,39042.0
549,4426,1200,19392.0
550,4427,800,17760.0
551,4428,600,11760.0
552,4431,200,8284.0
553,4436,500,10335.0
554,4438,2000,19940.0
555,4442,1000,14920.0
556,4446,500,7560.0
557,4447,400,17488.0
558,4454,200,7382.0
559,4462,1200,15276.0
560,4464,700,9898.0
561,4466,700,34160.0
562,4475,1500,47610.0
563,4480,500,16915.0
564,4483,3700,48396.0
565,4491,200,8630.0
566,4495,500,10340.0
567,4498,200,5710.0
568,4500,1000,32890.0
569,4505,900,32256.0
570,4507,600,11598.0
571,4509,4200,56322.0
572,4515,500,8820.0
573,4528,400,5128.0
574,4534,2400,45408.0
575,4539,2000,20200.0
576,4542,2400,24336.0
577,4544,1500,60690.0
578,4546,500,4435.0
579,4548,200,12600.0
580,4554,1100,25553.0
581,4555,700,23975.0
582,4564,3100,124000.0
583,4566,2900,38628.0
584,4568,3600,55656.0
585,4570,900,9720.0
586,4590,900,9333.0
587,4591,600,10008.0
588,4594,500,19345.0
589,4722,800,37040.0
590,4609,300,9762.0
591,4613,900,10395.0
592,4616,1400,32690.0
593,4717,600,10050.0
594,4622,1300,29497.0
595,4623,600,15000.0
596,4626,1300,14794.0
597,4628,400,9960.0
598,5017,200,7942.0
599,4685,500,10075.0
600,4629,800,9392.0
601,4681,500,14400.0
602,4834,300,8991.0
603,4632,600,23946.0
604,4711,100,3742.0
605,4633,300,10011.0
606,4946,800,11576.0
607,4646,1200,29952.0
608,4649,200,6292.0
609,4650,900,9990.0
610,5025,300,10275.0
611,5081,300,11487.0
612,4657,300,10386.0
613,4658,900,4923.0
614,4664,1300,19526.0
615,4668,1800,49842.0
616,4801,700,51086.0
617,4738,300,4608.0
618,4669,1200,9360.0
619,4814,2500,39625.0
620,4709,500,10960.0
621,5010,400,11992.0
622,4828,900,18225.0
623,4832,400,11832.0
624,5110,300,11025.0
625,4728,3300,150315.0
626,4880,200,9926.0
627,4821,300,8694.0
628,4778,500,16470.0
629,4846,400,10692.0
630,4918,900,19053.0
631,4988,200,3520.0
632,4887,100,3484.0
633,5098,400,11712.0
634,5092,700,9842.0
635,4901,2100,48321.0
636,5112,500,31075.0
637,4966,700,14966.0
638,4913,700,9863.0
639,4895,100,10305.0
640,4851,200,9834.0
641,4970,600,16050.0
642,4924,500,9415.0
643,5063,2500,137625.0
644,4900,500,10885.0
645,5117,600,10344.0
646,5065,400,15084.0
647,5100,1600,50480.0
648,5150,800,24368.0
649,5041,1600,90160.0
650,5072,300,9453.0
651,5101,400,8352.0
652,5136,200,5996.0
653,5031,12400,0.0
654,2,1900,10165.0
655,3,600,10224.0
656,10,37700,142129.0
657,13,2100,12117.0
658,14,11700,42120.0
659,25,1600,11920.0
660,27,2600,10010.0
661,35,6600,28578.0
662,39,1000,10380.0
663,45,1700,29427.0
664,46,2500,9950.0
665,47,1700,10115.0
666,51,500,9140.0
667,62,1300,9152.0
668,73,1500,15435.0
669,82,5400,32994.0
670,88,1300,10218.0
671,94,12900,82947.0
672,108,1300,9464.0
673,110,1800,30744.0
674,117,1400,20916.0
675,118,1900,9937.0
676,124,2000,13120.0
677,144,4300,10019.0
678,157,4000,18880.0
679,161,1700,9996.0
680,178,6000,50280.0
681,186,5400,12690.0
682,188,8600,60716.0
683,191,12700,72136.0
684,193,3000,23130.0
685,214,4900,14651.0
686,235,13200,77088.0
687,241,2900,9280.0
688,244,600,20196.0
689,248,7300,39420.0
690,264,100,160.0
691,269,12300,57687.0
692,275,2100,9891.0
693,276,100,763.0
694,293,7100,34861.0
695,294,1400,9758.0
696,302,2800,11200.0
697,304,10700,24075.0
698,305,500,4995.0
699,315,6200,27714.0
700,318,2400,9768.0
701,322,2200,9988.0
702,328,4800,13152.0
703,350,3200,10016.0
704,358,15800,222780.0
705,367,5200,45864.0
706,376,2100,9576.0
707,389,2600,9984.0
708,399,12100,150282.0
709,406,4900,49735.0
710,414,800,9608.0
711,417,2600,12038.0
712,426,800,22200.0
713,429,1600,10784.0
714,438,2000,19560.0
715,449,7500,11175.0
716,451,5500,10010.0
717,453,5000,9950.0
718,455,1600,19728.0
719,462,1400,9296.0
720,468,400,8912.0
721,474,2100,20391.0
722,494,3200,22208.0
723,504,800,4232.0
724,511,3000,27810.0
725,524,1000,9280.0
726,527,2100,3612.0
727,536,600,1854.0
728,546,2100,14133.0
729,547,1100,10109.0
730,555,5600,61488.0
731,559,5100,20349.0
732,564,300,1488.0
733,567,3100,40114.0
734,571,10900,69106.0
735,592,1900,9994.0
736,594,2100,37254.0
737,606,4700,16262.0
738,607,200,7374.0
739,608,1500,9900.0
740,613,6100,54900.0
741,628,7500,59625.0
742,636,1600,9856.0
743,642,1700,9911.0
744,643,1000,15130.0
745,644,3100,14818.0
746,645,300,1929.0
747,648,22200,103230.0
748,649,3300,36762.0
749,652,1800,9828.0
750,657,2000,10020.0
751,660,13900,64357.0
752,661,4800,15264.0
753,675,1100,9922.0
754,678,2300,10074.0
755,684,5000,24000.0
756,685,5100,56865.0
757,697,900,9891.0
758,702,7300,37960.0
759,705,5800,53070.0
760,713,3600,28980.0
761,721,300,2988.0
762,727,19700,90620.0
763,729,1000,15960.0
764,730,1200,9588.0
765,731,1200,14364.0
766,732,1000,25170.0
767,738,1800,9684.0
768,743,1600,20032.0
769,769,100,364.0
770,783,2100,24843.0
771,784,100,329.0
772,788,500,4710.0
773,792,1500,11715.0
774,806,3400,10030.0
775,828,3200,17376.0
776,4993,1500,9795.0
777,5044,400,4768.0
778,851,10900,32482.0
779,890,1800,9954.0
780,913,1000,10050.0
781,917,14800,54760.0
782,1003,300,6123.0
783,1023,4900,57085.0
784,1026,8900,110360.0
785,1031,300,2586.0
786,1050,1200,15252.0
787,1054,200,4564.0
788,4877,2600,94796.0
789,1064,3700,31894.0
790,1066,1300,10231.0
791,5185,500,25240.0
792,1085,3200,33504.0
793,1088,1600,22976.0
794,1089,500,9165.0
795,1093,1400,10220.0
796,1097,1300,9425.0
797,5186,3600,73872.0
798,1104,100,1330.0
799,1111,1600,10064.0
800,4994,4100,73390.0
801,1126,300,4530.0
802,1130,1500,9615.0
803,1132,3300,36960.0
804,4995,600,9264.0
805,1143,3400,99620.0
806,1149,1600,19696.0
807,1169,12000,72000.0
808,1174,12900,155574.0
809,1175,400,9956.0
810,4764,1800,39906.0
811,4836,300,8775.0
812,1178,5300,73352.0
813,1184,1300,29523.0
814,1187,800,9944.0
815,5160,400,10156.0
816,5179,1400,30170.0
817,1189,27900,292392.0
818,1192,6600,142560.0
819,1194,1000,9120.0
820,1203,2700,59373.0
821,1207,900,10017.0
822,1209,1500,9585.0
823,1227,2000,9900.0
824,1233,400,9848.0
825,1234,200,4534.0
826,1240,2500,25425.0
827,1242,1400,21000.0
828,1246,500,21830.0
829,1250,500,10715.0
830,1255,8600,66220.0
831,1256,3000,19800.0
832,1270,1800,15426.0
833,1282,2700,63639.0
834,1286,2500,47450.0
835,1291,2000,19780.0
836,1294,500,10110.0
837,1296,2400,40752.0
838,1311,1300,17823.0
839,1312,1100,23947.0
840,1326,1500,5865.0
841,1327,2900,38715.0
842,1332,300,1662.0
843,1339,1900,9709.0
844,1340,3000,24300.0
845,1343,2200,15246.0
846,1346,3000,43440.0
847,1347,6000,48780.0
848,1352,4800,43200.0
849,1359,600,4530.0
850,1367,1100,5621.0
851,1369,700,9975.0
852,1373,700,9856.0
853,1377,3200,30496.0
854,1380,5500,44825.0
855,1383,2900,27347.0
856,1384,1700,14603.0
857,1387,1100,14982.0
858,1390,2100,32235.0
859,1398,1300,9386.0
860,1414,200,4650.0
861,1418,9900,126225.0
862,1424,600,5196.0
863,1427,400,5392.0
864,1428,1100,10296.0
865,1431,100,1078.0
866,1435,11200,81872.0
867,1445,7700,38500.0
868,1446,300,4101.0
869,1452,600,9306.0
870,1454,400,5636.0
871,1455,2900,19517.0
872,1456,8600,57362.0
873,1460,400,4884.0
874,1463,900,25497.0
875,1465,500,17830.0
876,1480,800,14888.0
877,1484,600,5766.0
878,1493,1000,9220.0
879,1515,1200,24972.0
880,1516,600,9702.0
881,1517,700,10164.0
882,1521,11100,96792.0
883,1526,1500,20055.0
884,1547,800,9784.0
885,1548,500,5295.0
886,1549,1600,9920.0
887,1564,7800,53664.0
888,1566,300,5988.0
889,1574,1200,28452.0
890,1584,100,8359.0
891,1585,6900,133722.0
892,1599,900,9405.0
893,1601,500,9825.0
894,1607,600,9666.0
895,1612,5100,101082.0
896,1614,3200,32736.0
897,1616,1600,39152.0
898,1622,600,9654.0
899,1634,2400,33984.0
900,1639,600,10602.0
901,1644,1100,21681.0
902,1645,1200,28368.0
903,1648,4000,104680.0
904,1652,1300,10101.0
905,1658,900,9819.0
906,1667,1700,58667.0
907,1670,1800,99234.0
908,1672,500,10930.0
909,1688,500,10610.0
910,1693,400,53440.0
911,1708,200,9072.0
912,1714,400,15468.0
913,1715,300,11097.0
914,1728,1200,19164.0
915,1739,1200,14916.0
916,1746,1200,31188.0
917,1752,400,9720.0
918,4720,200,36430.0
919,1755,600,10530.0
920,1756,200,7786.0
921,1799,1400,344288.0
922,1808,800,19128.0
923,1819,200,4648.0
924,1828,600,10614.0
925,1830,1100,61666.0
926,4775,2600,66950.0
927,1844,400,9368.0
928,1847,3100,70215.0
929,1851,1800,85734.0
930,1852,100,1716.0
931,1861,600,65916.0
932,4690,200,9840.0
933,4962,400,9568.0
934,1870,800,9368.0
935,4695,400,17704.0
936,1889,600,10422.0
937,1890,1300,40222.0
938,1893,100,8054.0
939,1894,800,9752.0
940,4996,200,8142.0
941,1899,600,9444.0
942,1907,1100,9834.0
943,1909,900,14643.0
944,4869,200,12588.0
945,4916,1000,10370.0
946,5122,1200,31356.0
947,5104,6400,220800.0
948,4950,300,11994.0
949,4973,1200,38484.0
950,5007,200,27800.0
951,4952,600,43890.0
952,1942,300,25212.0
953,1947,400,16512.0
954,4982,800,36264.0
955,5049,900,19350.0
956,4945,1000,37500.0
957,5129,2800,31668.0
958,5155,1300,9542.0
959,5077,600,14568.0
960,1980,900,30924.0
961,1988,200,3606.0
962,5078,900,35370.0
963,1993,800,9880.0
964,2001,300,9981.0
965,2004,800,40264.0
966,5192,600,9936.0
967,5169,200,14342.0
968,2011,500,18845.0
969,2012,300,9063.0
970,2017,3600,60336.0
971,2018,400,9376.0
972,5119,300,8967.0
973,2022,800,9616.0
974,2024,700,9485.0
975,2030,2700,62883.0
976,5137,600,23058.0
977,5159,1600,65408.0
978,2038,500,8790.0
979,5162,900,28035.0
980,5180,1200,55116.0
981,2051,300,11094.0
982,2054,300,11700.0
